            .1000000000000E+01       .1391816747241E+05      -.9925182994028E+05
            .4000000000000E+01       .7777720583329E+04      -.2804687567342E+05
            .1000000000000E+02       .5410503211117E+04      -.1316393446953E+05
            .1300000000000E+02       .4839426188366E+04      -.1073999742831E+05
            .2100000000000E+02       .3804463258838E+04      -.7797914229672E+04
            .3100000000000E+02       .3013758712280E+04      -.6072323497051E+04
            .4400000000000E+02       .2232093053605E+04      -.4837728658327E+04
            .6400000000000E+02       .1578296294094E+04      -.3776440442848E+04
            .9000000000000E+02       .1115346830562E+04      -.2951223993566E+04
            .1100000000000E+03       .9083343973328E+03      -.2522303007569E+04
            .1700000000000E+03       .5912701274328E+03      -.1775836420265E+04
            .2500000000000E+03       .4022621583673E+03      -.1274585838146E+04
            .3700000000000E+03       .29