  0.0000E+00  4.185162499118E+00  5.000335E+00  2.283050939639E+00 -5.468548E+00
  6.0206E-01  3.919132340383E+00  4.456686E+00  2.283050939639E+00 -6.070608E+00
  1.0000E+00  3.762433597907E+00  4.133171E+00  2.283050939639E+00 -6.468548E+00
  1.1139E+00  3.712717011907E+00  4.045961E+00  2.283050939639E+00 -6.582492E+00
  1.3222E+00  3.602892698566E+00  3.910069E+00  2.283050939639E+00 -6.790768E+00
  1.4914E+00  3.494594155730E+00  3.801660E+00  2.283050939639E+00 -6.959910E+00
  1.6435E+00  3.356006363146E+00  3.704204E+00  2.283050939639E+00 -7.112001E+00
  1.8062E+00  3.201673879761E+00  3.595829E+00  2.283050939639E+00 -7.274728E+00
  1.9542E+00  3.046597371589E+00  3.484710E+00  2.283050939639E+00 -7.422791E+00
  2.0414E+00  2.948127555469E+00  3.418357E+00  2.283050939639E+00 -7.509941E+00
  2.2304E+00  2.752208308167E+00  3.263742E+00  2.283050939639E+00 -7.698997E+00
  2.3979E+00  2.589282881081E+00  3.114887E+00  2.283050939639E+00 -7.866488E+00
  2.5682E+00  2.460602473489E+00  2.963184E+00  2.283050939639E+00 -8.036750E+00
  2.7160E+00  2.374926937386E+00  2.821951E+00  2.283050939639E+00 -8.184552E+00
  2.8751E+00  2.295709244376E+00  2.671450E+00  2.283050939639E+00 -8.343610E+00
  3.0000E+00  2.260533863394E+00  2.544523E+00  2.283050939639E+00 -8.468548E+00
