     1   1.00000E+00   2.3613E+04  -1.0124E+05   1.0733E+02   1.5888E+10
     2   4.00000E+00   1.4941E+04  -3.2741E+04   6.7911E+01   2.0553E+10
     3   1.00000E+01   8.3515E+03  -1.7898E+04   3.7961E+01   2.8088E+10
     4   1.30000E+01   6.7915E+03  -1.5060E+04   3.0870E+01   3.0724E+10
     5   2.10000E+01   4.3070E+03  -1.0996E+04   1.9577E+01   3.6239E+10
     6   3.10000E+01   2.8444E+03  -8.3246E+03   1.2929E+01   4.0498E+10
     7   4.40000E+01   1.7751E+03  -6.3769E+03   8.0685E+00   4.4033E+10
     8   6.40000E+01   1.1216E+03  -4.6709E+03   5.0979E+00   4.6914E+10
     9   9.00000E+01   6.9752E+02  -3.4787E+03   3.1705E+00   4.9133E+10
    10   1.10000E+02   5.3214E+02  -2.9328E+03   2.4188E+00   5.0628E+10
    11   1.70000E+02   2.8994E+02  -1.9916E+03   1.3179E+00   5.3132E+10
    12   2.50000E+02   1.5535E+02  -1.4160E+03   7.0612E-01   5.5555E+10
    13   3.70000E+02   6.7121E+01  -9.8889E+02   3.0509E-01   5.7420E+10
    14   5.20000E+02   1.9802E+01  -7.2657E+02   9.0008E-02   5.9292E+10
    15   7.50000E+02  -1.6922E+01  -5.0920E+02  -7.6915E-02   5.9933E+10
    16   1.00000E+03  -3.1116E+01  -3.7899E+02  -1.4143E-01   5.9476E+10
