 -2.0642E+01  3.224971439891E+00  2.145121E+00
 -2.0542E+01  3.219686613898E+00  2.139836E+00
 -2.0442E+01  3.214401787905E+00  2.134552E+00
 -2.0342E+01  3.209116961912E+00  2.129267E+00
 -2.0242E+01  3.203832135919E+00  2.123982E+00
 -2.0142E+01  3.198547309925E+00  2.118697E+00
 -2.0042E+01  3.193262483932E+00  2.113412E+00
 -1.9942E+01  3.187977657939E+00  2.108127E+00
 -1.9842E+01  3.182692831946E+00  2.102843E+00
 -1.9742E+01  3.177408005953E+00  2.097558E+00
 -1.9642E+01  3.172123179959E+00  2.092273E+00
 -1.9542E+01  3.166838353966E+00  2.086988E+00
 -1.9442E+01  3.161553527973E+00  2.081703E+00
 -1.9342E+01  3.156268701980E+00  2.076418E+00
 -1.9242E+01  3.150983875987E+00  2.071134E+00
 -1.9142E+01  3.145699049993E+00  2.065849E+00
 -1.9042E+01  3.140414224000E+00  2.060564E+00
 -1.8942E+01  3.135129398007E+00  2.055279E+00
 -1.8842E+01  3.129844572014E+00  2.049994E+00
 -1.8742E+01  3.124559746021E+00  2.044710E+00
 -1.8642E+01  3.119274920027E+00  2.039425E+00
 -1.8542E+01  3.113990094034E+00  2.034140E+00
 -1.8442E+01  3.108705268041E+00  2.028855E+00
 -1.8342E+01  3.103420442048E+00  2.023570E+00
 -1.8242E+01  3.098135616055E+00  2.018285E+00
 -1.8142E+01  3.092850790062E+00  2.013001E+00
 -1.8042E+01  3.087565964068E+00  2.007716E+00
 -1.7942E+01  3.082281138075E+00  2.002431E+00
 -1.7842E+01  3.076996312082E+00  1.997146E+00
 -1.7742E+01  3.071711486089E+00  1.991861E+00
 -1.7642E+01  3.066426660096E+00  1.986576E+00
 -1.7542E+01  3.061141834102E+00  1.981292E+00
 -1.7442E+01  3.055857008109E+00  1.976007E+00
 -1.7342E+01  3.050572182116E+00  1.970722E+00
 -1.7242E+01  3.045287356123E+00  1.965437E+00
 -1.7142E+01  3.040002530130E+00  1.960152E+00
 -1.7042E+01  3.034717704136E+00  1.954867E+00
 -1.6942E+01  3.029432878143E+00  1.949583E+00
 -1.6842E+01  3.024148052150E+00  1.944298E+00
 -1.6742E+01  3.018863226157E+00  1.939013E+00
 -1.6642E+01  3.013578400164E+00  1.933728E+00
 -1.6542E+01  3.008293574171E+00  1.928443E+00
 -1.6442E+01  3.003008748177E+00  1.923159E+00
 -1.6342E+01  2.997723922184E+00  1.917874E+00
 -1.6242E+01  2.992439096191E+00  1.912589E+00
 -1.6142E+01  2.987154270198E+00  1.907304E+00
 -1.6042E+01  2.981869444205E+00  1.902019E+00
 -1.5942E+01  2.976584618211E+00  1.896734E+00
 -1.5842E+01  2.971299792218E+00  1.891450E+00
 -1.5742E+01  2.966014966225E+00  1.886165E+00
 -1.5642E+01  2.960730140232E+00  1.880880E+00
 -1.5542E+01  2.955445314239E+00  1.875595E+00
 -1.5442E+01  2.950160488245E+00  1.870310E+00
 -1.5342E+01  2.944875662252E+00  1.865025E+00
 -1.5242E+01  2.939590836259E+00  1.859741E+00
 -1.5142E+01  2.934306010266E+00  1.854456E+00
 -1.5042E+01  2.929021184273E+00  1.849171E+00
 -1.4942E+01  2.923736358280E+00  1.843886E+00
 -1.4842E+01  2.918451532286E+00  1.838601E+00
 -1.4742E+01  2.913166706293E+00  1.833317E+00
 -1.4642E+01  2.907881880300E+00  1.828032E+00
 -1.4542E+01  2.902597054307E+00  1.822747E+00
 -1.4442E+01  2.897312228314E+00  1.817462E+00
 -1.4342E+01  2.892027402320E+00  1.812177E+00
 -1.4242E+01  2.886742576327E+00  1.806892E+00
 -1.4142E+01  2.881457750334E+00  1.801608E+00
 -1.4042E+01  2.876172924341E+00  1.796323E+00
 -1.3942E+01  2.870888098348E+00  1.791038E+00
 -1.3842E+01  2.865603272354E+00  1.785753E+00
 -1.3742E+01  2.860318446361E+00  1.780468E+00
 -1.3642E+01  2.855033620368E+00  1.775183E+00
 -1.3542E+01  2.849748794375E+00  1.769899E+00
 -1.3442E+01  2.844463968382E+00  1.764614E+00
 -1.3342E+01  2.839179142388E+00  1.759329E+00
 -1.3242E+01  2.833894316395E+00  1.754044E+00
 -1.3142E+01  2.828609490402E+00  1.748759E+00
 -1.3042E+01  2.823324664409E+00  1.743474E+00
 -1.2942E+01  2.818039838416E+00  1.738190E+00
 -1.2842E+01  2.812755012422E+00  1.732905E+00
 -1.2742E+01  2.807470186429E+00  1.727620E+00
 -1.2642E+01  2.802185360436E+00  1.722335E+00
 -1.2542E+01  2.796900534443E+00  1.717050E+00
 -1.2442E+01  2.791615708449E+00  1.711766E+00
 -1.2342E+01  2.786330882456E+00  1.706481E+00
 -1.2242E+01  2.781046056463E+00  1.701196E+00
 -1.2142E+01  2.775761230470E+00  1.695911E+00
 -1.2042E+01  2.770476404476E+00  1.690626E+00
 -1.1942E+01  2.765191578483E+00  1.685341E+00
 -1.1842E+01  2.759906752489E+00  1.680057E+00
 -1.1742E+01  2.754621926496E+00  1.674772E+00
 -1.1642E+01  2.749337100502E+00  1.669487E+00
 -1.1542E+01  2.744052274509E+00  1.664202E+00
 -1.1442E+01  2.738767448515E+00  1.658917E+00
 -1.1342E+01  2.733482622521E+00  1.653632E+00
 -1.1242E+01  2.728197796527E+00  1.648348E+00
 -1.1142E+01  2.722912970533E+00  1.643063E+00
 -1.1042E+01  2.717628144538E+00  1.637778E+00
 -1.0942E+01  2.712343318543E+00  1.632493E+00
 -1.0842E+01  2.707058492548E+00  1.627208E+00
 -1.0742E+01  2.701773666552E+00  1.621923E+00
 -1.0642E+01  2.696488840555E+00  1.616639E+00
 -1.0542E+01  2.691204014558E+00  1.611354E+00
 -1.0442E+01  2.685919188560E+00  1.606069E+00
 -1.0342E+01  2.680634362560E+00  1.600784E+00
 -1.0242E+01  2.675349536559E+00  1.595499E+00
 -1.0142E+01  2.670064710556E+00  1.590215E+00
 -1.0042E+01  2.664779884550E+00  1.584930E+00
 -9.9420E+00  2.659495058542E+00  1.579645E+00
 -9.8420E+00  2.654210232529E+00  1.574360E+00
 -9.7420E+00  2.648925406512E+00  1.569075E+00
 -9.6420E+00  2.643640580489E+00  1.563790E+00
 -9.5420E+00  2.638355754459E+00  1.558506E+00
 -9.4420E+00  2.633070928420E+00  1.553221E+00
 -9.3420E+00  2.627786102370E+00  1.547936E+00
 -9.2420E+00  2.622501276306E+00  1.542651E+00
 -9.1420E+00  2.617216450225E+00  1.537366E+00
 -9.0420E+00  2.611931624122E+00  1.532081E+00
 -8.9420E+00  2.606646797993E+00  1.526797E+00
 -8.8420E+00  2.601361971830E+00  1.521512E+00
 -8.7420E+00  2.596077145626E+00  1.516227E+00
 -8.6420E+00  2.590792319371E+00  1.510942E+00
