            .1000000000000E+01       .2383347268491E+05      -.1012413526356E+06
            .4000000000000E+01       .1516061844180E+05      -.3274133776368E+05
            .1000000000000E+02       .8571509372363E+04      -.1789781362274E+05
            .1300000000000E+02       .7011524033701E+04      -.1506002482426E+05
            .2100000000000E+02       .4526962946919E+04      -.1099632734486E+05
            .3100000000000E+02       .3064441874870E+04      -.8324571017728E+04
            .4400000000000E+02       .1995099065367E+04      -.6376926599039E+04
            .6400000000000E+02       .1341567057833E+04      -.4670946830502E+04
            .9000000000000E+02       .9175216469772E+03      -.3478732924393E+04
            .1100000000000E+03       .7521459232244E+03      -.2932822008165E+04
            .1700000000000E+03       .5099389872403E+03      -.1991564540795E+04
            .2500000000000E+03       .3753521190942E+03      -.1416014492765E+04
            .3700000000000E+03       .2871242255514E+03      -.9888945374938E+03
            .5200000000000E+03       .2398055271655E+03      -.7265748330594E+03
            .7500000000000E+03       .2030818082924E+03      -.5092034969315E+03
            .1000000000000E+04       .1888877484150E+03      -.3789868558098E+03
           -.1000000000000E+01
            .1000000000000E+01       .2200034600000E+03      -.6372150331238E-05
            .4000000000000E+01       .2200034600000E+03      -.1593037582817E-05
            .1000000000000E+02       .2200034600000E+03      -.6372150331282E-06
            .1300000000000E+02       .2200034600000E+03      -.4901654100990E-06
            .2100000000000E+02       .2200034600000E+03      -.3034357300616E-06
            .3100000000000E+02       .2200034600000E+03      -.2055532364936E-06
            .4400000000000E+02       .2200034600000E+03      -.1448215984388E-06
            .6400000000000E+02       .2200034600000E+03      -.9956484892674E-07
            .9000000000000E+02       .2200034600000E+03      -.7080167034795E-07
            .1100000000000E+03       .2200034600000E+03      -.5792863937562E-07
            .1700000000000E+03       .2200034600000E+03      -.3748323724308E-07
            .2500000000000E+03       .2200034600000E+03      -.2548860132532E-07
            .3700000000000E+03       .2200034600000E+03      -.1722202792252E-07
            .5200000000000E+03       .2200034600000E+03      -.1225413525257E-07
            .7500000000000E+03       .2200034600000E+03      -.8496200441788E-08
            .1000000000000E+04       .2200034600000E+03      -.6372150331344E-08
           -.1000000000000E+01
