  0.0000E+00  4.377187326359E+00  5.005358E+00  2.342429511036E+00 -5.195714E+00
  6.0206E-01  4.180716917680E+00  4.515096E+00  2.342429511036E+00 -5.797774E+00
  1.0000E+00  3.933057304347E+00  4.252800E+00  2.342429511036E+00 -6.195714E+00
  1.1139E+00  3.845812427023E+00  4.177826E+00  2.342429511036E+00 -6.309657E+00
  1.3222E+00  3.655806939820E+00  4.041248E+00  2.342429511036E+00 -6.517933E+00
  1.4914E+00  3.486351388239E+00  3.920362E+00  2.342429511036E+00 -6.687076E+00
  1.6435E+00  3.299964465173E+00  3.804611E+00  2.342429511036E+00 -6.839167E+00
  1.8062E+00  3.127612385632E+00  3.669405E+00  2.342429511036E+00 -7.001894E+00
  1.9542E+00  2.962616319302E+00  3.541421E+00  2.342429511036E+00 -7.149956E+00
  2.0414E+00  2.876302105888E+00  3.467286E+00  2.342429511036E+00 -7.237107E+00
  2.2304E+00  2.707518217098E+00  3.299194E+00  2.342429511036E+00 -7.426163E+00
  2.3979E+00  2.574438872070E+00  3.151068E+00  2.342429511036E+00 -7.593654E+00
  2.5682E+00  2.458069836800E+00  2.995150E+00  2.342429511036E+00 -7.763916E+00
  2.7160E+00  2.379859188729E+00  2.861280E+00  2.342429511036E+00 -7.911717E+00
  2.8751E+00  2.307671021819E+00  2.706891E+00  2.342429511036E+00 -8.070775E+00
  3.0000E+00  2.276203789747E+00  2.578624E+00  2.342429511036E+00 -8.195714E+00
