  1.0000E+00  2.383347268491E+04  1.012414E+05  2.200034600000E+02  6.372150E-06
  4.0000E+00  1.516061844180E+04  3.274134E+04  2.200034600000E+02  1.593038E-06
  1.0000E+01  8.571509372363E+03  1.789781E+04  2.200034600000E+02  6.372150E-07
  1.3000E+01  7.011524033701E+03  1.506002E+04  2.200034600000E+02  4.901654E-07
  2.1000E+01  4.526962946919E+03  1.099633E+04  2.200034600000E+02  3.034357E-07
  3.1000E+01  3.064441874870E+03  8.324571E+03  2.200034600000E+02  2.055532E-07
  4.4000E+01  1.995099065367E+03  6.376927E+03  2.200034600000E+02  1.448216E-07
  6.4000E+01  1.341567057833E+03  4.670947E+03  2.200034600000E+02  9.956485E-08
  9.0000E+01  9.175216469772E+02  3.478733E+03  2.200034600000E+02  7.080167E-08
  1.1000E+02  7.521459232244E+02  2.932822E+03  2.200034600000E+02  5.792864E-08
  1.7000E+02  5.099389872403E+02  1.991565E+03  2.200034600000E+02  3.748324E-08
  2.5000E+02  3.753521190942E+02  1.416014E+03  2.200034600000E+02  2.548860E-08
  3.7000E+02  2.871242255514E+02  9.888945E+02  2.200034600000E+02  1.722203E-08
  5.2000E+02  2.398055271655E+02  7.265748E+02  2.200034600000E+02  1.225414E-08
  7.5000E+02  2.030818082924E+02  5.092035E+02  2.200034600000E+02  8.496200E-09
  1.0000E+03  1.888877484150E+02  3.789869E+02  2.200034600000E+02  6.372150E-09
