            .1000000000000E+01       .2200034600000E+03      -.6372150331238E-05
            .4000000000000E+01       .2200034600000E+03      -.1593037582817E-05
            .1000000000000E+02       .2200034600000E+03      -.6372150331282E-06
            .1300000000000E+02       .2200034600000E+03      -.4901654100990E-06
            .2100000000000E+02       .2200034600000E+03      -.3034357300616E-06
            .3100000000000E+02       .2200034600000E+03      -.2055532364936E-06
            .4400000000000E+02       .2200034600000E+03      -.1448215984388E-06
            .6400000000000E+02       .2200034600000E+03      -.9956484892674E-07
            .9000000000000E+02       .2200034600000E+03      -.7080167034795E-07
            .1100000000000E+03       .2200034600000E+03      -.5792863937562E-07
            .1700000000000E+03       .2200034600000E+03      -.3748323724308E-07
            .2500000000000E+03       .2200034600000E+03      -.2548860132532E-07
            .3700000000000E+03       .2200034600000E+03      -.1722202792252E-07
            .5200000000000E+03       .2200034600000E+03      -.1225413525257E-07
            .7500000000000E+03       .2200034600000E+03      -.8496200441788E-08
            .1000000000000E+04       .2200034600000E+03      -.6372150331344E-08
