                                                                                
   0  ZZRRF C .1000D+01C         0 .0000D+00     1   -11  .0000D+00   .0000D+00
   16   40   99    0    3    0    0    1    1 .0000D+00   .2334D+05   .1016D+01
  .22000346D+03  .00000000D+00  .00000000D+00  .00000000D+00  .00000000D+00
  .00000000D+00  .00000000D+00  .00000000D+00  .00000000D+00  .00000000D+00
  .00000000D+00  .42708448D-06  .00000000D+00  .10228267D+01  .20000000D+01
  .00000000D+00  .12897715D-05  .00000000D+00  .91307600D+00  .20000000D+01
  .00000000D+00  .00000000D+00  .00000000D+00  .24976646D+05  .00000000D+00
  .00000000D+00  .00000000D+00  .00000000D+00  .00000000D+00  .00000000D+00
  .00000000D+00  .00000000D+00  .00000000D+00  .00000000D+00  .00000000D+00
  .00000000D+00  .00000000D+00  .00000000D+00  .00000000D+00  .00000000D+00
10000000000101010101010001000000000000000000000000
    1       .1000000000000D+01       .2383347268491D+05      -.1012413526356D+06
    2       .4000000000000D+01       .1516061844180D+05      -.3274133776368D+05
    3       .1000000000000D+02       .8571509372363D+04      -.1789781362274D+05
    4       .1300000000000D+02       .7011524033701D+04      -.1506002482426D+05
    5       .2100000000000D+02       .4526962946919D+04      -.1099632734486D+05
    6       .3100000000000D+02       .3064441874870D+04      -.8324571017728D+04
    7       .4400000000000D+02       .1995099065367D+04      -.6376926599039D+04
    8       .6400000000000D+02       .1341567057833D+04      -.4670946830502D+04
    9       .9000000000000D+02       .9175216469772D+03      -.3478732924393D+04
   10       .1100000000000D+03       .7521459232244D+03      -.2932822008165D+04
   11       .1700000000000D+03       .5099389872403D+03      -.1991564540795D+04
   12       .2500000000000D+03       .3753521190942D+03      -.1416014492765D+04
   13       .3700000000000D+03       .2871242255514D+03      -.9888945374938D+03
   14       .5200000000000D+03       .2398055271655D+03      -.7265748330594D+03
   15       .7500000000000D+03       .2030818082924D+03      -.5092034969315D+03
   16       .1000000000000D+04       .1888877484150D+03      -.3789868558098D+03
