     1   1.00000E+00  -1.4496E+03  -2.6896E+02  -1.0704E-01   2.4306E-03
     2   3.00000E+00   1.3319E+03   2.0198E+02   2.2645E-01  -5.0761E-03
     3   4.00000E+00   1.5977E+03   8.1724E+01   3.2770E-01  -2.6826E-03
     4   7.00000E+00  -3.0508E+02  -4.0521E+01  -8.6276E-02   2.2305E-03
     5   1.00000E+01   4.1691E+02   7.7582E+01   1.4036E-01  -5.9169E-03
     6   1.30000E+01  -1.8735E+02  -1.8134E+02  -7.0722E-02   1.7525E-02
     7   2.10000E+01  -1.9266E+02  -1.8672E+02  -8.7540E-02   2.7490E-02
     8   3.10000E+01  -2.7745E+02  -1.3177E+02  -1.4486E-01   2.6792E-02
     9   4.40000E+01  -3.0987E+02  -8.9211E+01  -1.8429E-01   2.3692E-02
    10   6.40000E+01  -3.4248E+02   5.6184E+01  -2.4051E-01  -1.9245E-02
    11   9.00000E+01  -3.2679E+02   5.5412E+01  -2.8038E-01  -2.3304E-02
    12   1.10000E+02  -3.2530E+02   1.5782E+02  -3.2443E-01  -7.4407E-02
    13   1.70000E+02  -2.0302E+02   1.9952E+02  -3.1208E-01  -1.2156E-01
    14   2.50000E+02  -1.0874E+02   2.2777E+02  -2.7876E-01  -1.8051E-01
    15   3.70000E+02  -3.0987E+01   1.8399E+02  -1.4821E-01  -1.9909E-01
    16   5.20000E+02   2.7292E+01   1.6196E+02   2.3796E-01  -2.3643E-01
    17   7.50000E+02   5.1271E+01   1.2401E+02   8.8568E-01  -2.5480E-01
    18   1.00000E+03   6.7159E+01   1.0757E+02   2.0175E+00  -2.9160E-01
    19   1.30000E+03   8.5140E+01   9.1498E+01   4.2683E+00  -3.2057E-01
    20   2.10000E+03   9.2385E+01   6.9714E+01   1.1933E+01  -3.9244E-01
    21   3.10000E+03   7.8402E+01   7.3985E+01   2.1957E+01  -6.1366E-01
    22   5.00000E+03   9.7150E+01   6.3576E+01   7.0550E+01  -8.4967E-01
