 
   0  ZZZRF C .0000D+00C         0 .0000D+00     1   -11
   18   40   99    0    3    0    0    1    1 .0000D+00
  .37941291D+03  .00000000D+00  .00000000D+00  .00000000D+00  .00000000D+00
  .00000000D+00  .00000000D+00  .00000000D+00  .00000000D+00  .00000000D+00
  .00000000D+00  .18088619D-06  .00000000D+00  .96275715D-00  .20000000D+01
  .00000000D+00  .31131201D-06  .00000000D+00  .83601091D-00  .20000000D+01
  .00000000D+00  .00000000D+00  .00000000D+00  .11622815D+06  .00000000D+00
  .00000000D+00  .00000000D+00  .00000000D+00  .00000000D+00  .00000000D+00
  .00000000D+00  .00000000D+00  .00000000D+00  .00000000D+00  .00000000D+00
  .00000000D+00  .00000000D+00  .00000000D+00  .00000000D+00  .00000000D+00
100000000001010101010100010000000000000000
    1       .1000000000000D+01       .1003444746099D+06      -.3997485145558D+06
    2       .3000000000000D+01       .5713086059743D+05      -.1635677169936D+06
    3       .4000000000000D+01       .5101979347842D+05      -.1285568708518D+06
    4       .7000000000000D+01       .3321623849683D+05      -.8484640620528D+05
    5       .1000000000000D+02       .2669647441955D+05      -.6616138102526D+05
    6       .1300000000000D+02       .2168843435050D+05      -.5444820553770D+05
    7       .2100000000000D+02       .1344347893443D+05      -.3957821966787D+05
    8       .3100000000000D+02       .9368103227006D+04      -.2909433527268D+05
    9       .4400000000000D+02       .5914527725660D+04      -.2244035327577D+05
   10       .6400000000000D+02       .3358259693773D+04      -.1630437679879D+05
   11       .9000000000000D+02       .2326613389698D+04      -.1223649738172D+05
   12       .1100000000000D+03       .1989023052668D+04      -.1017782278932D+05
   13       .1700000000000D+03       .1179314461232D+04      -.6830570669947D+04
   14       .2500000000000D+03       .8183237294872D+03      -.4737730177337D+04
   15       .3700000000000D+03       .7123786507853D+03      -.3199665289922D+04
   16       .5200000000000D+03       .5493402844475D+03      -.2303769606620D+04
   17       .7500000000000D+03       .4532550575401D+03      -.1612896693386D+04
   18       .1000000000000D+04       .4847584314194D+03      -.1199228666379D+04
