  2.0000E+00  7.326906109288E+00  7.181964E+00  7.328538395719E+00  7.181957E+00
  2.0414E+00  7.311565959432E+00  7.162200E+00  7.309980244320E+00  7.162844E+00
  2.2304E+00  7.232740533273E+00  7.071399E+00  7.232283519290E+00  7.069667E+00
  2.3979E+00  7.172992003436E+00  6.983336E+00  7.173884654035E+00  6.984231E+00
  2.5682E+00  7.124494441436E+00  6.901497E+00  7.123767132079E+00  6.901913E+00
  2.7160E+00  7.085486699532E+00  6.840385E+00  7.085940987872E+00  6.840496E+00
  2.8751E+00  7.048702857840E+00  6.792440E+00  7.048079790789E+00  6.791537E+00
  3.0000E+00  7.016378442959E+00  6.770555E+00  7.017511040193E+00  6.768852E+00
  3.1139E+00  6.985172672134E+00  6.762014E+00  6.986101087718E+00  6.760578E+00
  3.3222E+00  6.906108877916E+00  6.764624E+00  6.908276781491E+00  6.766557E+00
  3.4914E+00  6.812254937002E+00  6.767333E+00  6.809728561755E+00  6.770389E+00
  3.6435E+00  6.688704206501E+00  6.754249E+00  6.681440667000E+00  6.751951E+00
  3.8062E+00  6.503947319659E+00  6.706317E+00  6.499117595422E+00  6.695846E+00
  3.9542E+00  6.289910219021E+00  6.621995E+00  6.301626790899E+00  6.611433E+00
  4.0414E+00  6.155323676710E+00  6.551557E+00  6.178237924443E+00  6.549504E+00
  4.1139E+00  6.054304092414E+00  6.481911E+00  6.075293530065E+00  6.492597E+00
  4.2304E+00  5.972342836976E+00  6.345579E+00  5.916393699839E+00  6.393560E+00
