            .1000000000000E+01       .4432965605797E+05      -.1992008494783E+06
            .3000000000000E+01       .2092422298966E+05      -.7843405301016E+05
            .4000000000000E+01       .1614020458315E+05      -.6048835229652E+05
            .7000000000000E+01       .1029591045722E+05      -.3854070055072E+05
            .1000000000000E+02       .8069267046187E+04      -.2922450761224E+05
            .1300000000000E+02       .5794192365799E+04      -.2369729217445E+05
            .2100000000000E+02       .3195375620941E+04      -.1544975911654E+05
            .3100000000000E+02       .2292256693584E+04      -.1127475537982E+05
            .4400000000000E+02       .1441179301900E+04      -.8101472952591E+04
            .6400000000000E+02       .9751231876996E+03      -.5863580499766E+04
            .9000000000000E+02       .6795552986402E+03      -.4313159183638E+04
            .1100000000000E+03       .6299513814223E+03      -.3511752130386E+04
            .1700000000000E+03       .4958025506207E+03      -.2318279774833E+04
            .2500000000000E+03       .4091685471190E+03      -.1552294539487E+04
            .3700000000000E+03       .3737421747266E+03      -.1063099062445E+04
            .5200000000000E+03       .3591015928048E+03      -.7882479469702E+03
            .7500000000000E+03       .3246268945249E+03      -.5275367401529E+03
            .1000000000000E+04       .2988366304568E+03      -.4231490168632E+03
            .1300000000000E+04       .3069492550057E+03      -.2915700173452E+03
            .2100000000000E+04       .2903861714381E+03      -.1454361993287E+03
            .3100000000000E+04       .2692295059240E+03      -.7518451722996E+02
           -.1000000000000E+01
            .1000000000000E+01       .2758272300000E+03      -.1765406543755E-05
            .3000000000000E+01       .2758272300000E+03      -.5884688479190E-06
            .4000000000000E+01       .2758272300000E+03      -.4413516359393E-06
            .7000000000000E+01       .2758272300000E+03      -.2522009348226E-06
            .1000000000000E+02       .2758272300000E+03      -.1765406543759E-06
            .1300000000000E+02       .2758272300000E+03      -.1358005033661E-06
            .2100000000000E+02       .2758272300000E+03      -.8406697827425E-07
            .3100000000000E+02       .2758272300000E+03      -.5694859818580E-07
            .4400000000000E+02       .2758272300000E+03      -.4012287599455E-07
            .6400000000000E+02       .2758272300000E+03      -.2758447724626E-07
            .9000000000000E+02       .2758272300000E+03      -.1961562826401E-07
            .1100000000000E+03       .2758272300000E+03      -.1604915039783E-07
            .1700000000000E+03       .2758272300000E+03      -.1038474437507E-07
            .2500000000000E+03       .2758272300000E+03      -.7061626175046E-08
            .3700000000000E+03       .2758272300000E+03      -.4771369037194E-08
            .5200000000000E+03       .2758272300000E+03      -.3395012584158E-08
            .7500000000000E+03       .2758272300000E+03      -.2353875391683E-08
            .1000000000000E+04       .2758272300000E+03      -.1765406543762E-08
            .1300000000000E+04       .2758272300000E+03      -.1358005033663E-08
            .2100000000000E+04       .2758272300000E+03      -.8406697827442E-09
            .3100000000000E+04       .2758272300000E+03      -.5694859818590E-09
           -.1000000000000E+01
