  1.0000E+02  8.116522344674E+02  4.362303E+02  8.179510212134E+02  4.314706E+02
  1.1000E+02  7.888339459001E+02  4.477243E+02  7.800191485207E+02  4.494769E+02
  1.7000E+02  5.770368066454E+02  4.828920E+02  5.781733015896E+02  4.878942E+02
  2.5000E+02  4.018400120136E+02  4.521938E+02  4.004366817596E+02  4.497610E+02
  3.7000E+02  2.651088273207E+02  3.638148E+02  2.653495551768E+02  3.644868E+02
  5.2000E+02  1.924420802679E+02  2.814911E+02  1.920932766334E+02  2.827273E+02
  7.5000E+02  1.507030234284E+02  2.057542E+02  1.474218164047E+02  2.059095E+02
  1.0000E+03  1.282080436469E+02  1.589414E+02  1.280213750151E+02  1.576519E+02
  1.3000E+03  1.181212538952E+02  1.235534E+02  1.175100002827E+02  1.226127E+02
  2.1000E+03  1.071008706698E+02  7.588601E+01  1.079151694607E+02  7.666137E+01
  3.1000E+03  1.041851880970E+02  5.011973E+01  1.046461808418E+02  5.210691E+01
  4.4000E+03  1.027086187672E+02  3.278113E+01  1.032432553364E+02  3.676460E+01
  6.4000E+03  1.011460124315E+02  1.940214E+01  1.025124558239E+02  2.529462E+01
  9.0000E+03  1.013286277086E+02  8.868968E+00  1.021883187554E+02  1.799326E+01
  1.1000E+04  1.010627220015E+02  4.228297E+00  1.020786552047E+02  1.472341E+01
  1.3000E+04  1.010890437805E+02  1.489097E-01  1.020155712741E+02  1.245908E+01
  1.7000E+04  1.009580040935E+02  8.318232E+00  1.019495317791E+02  9.528175E+00
