            .1000000000000E+03       .2130778940124E+08      -.1520398373271E+08
            .1100000000000E+03       .2041645069890E+08      -.1454937509548E+08
            .1700000000000E+03       .1707196529779E+08      -.1173998366368E+08
            .2500000000000E+03       .1492397985137E+08      -.9643420697933E+07
            .3700000000000E+03       .1329741221933E+08      -.7978357164646E+07
            .5200000000000E+03       .1218823973326E+08      -.6926213012027E+07
            .7500000000000E+03       .1117068462422E+08      -.6187816116407E+07
            .1000000000000E+04       .1041144574207E+08      -.5872898282760E+07
            .1300000000000E+04       .9685032618219E+07      -.5762064504567E+07
            .2100000000000E+04       .8096117108097E+07      -.5841941707198E+07
            .3100000000000E+04       .6452508149884E+07      -.5893708203089E+07
            .4400000000000E+04       .4802204683828E+07      -.5648728810970E+07
            .6400000000000E+04       .3155859030581E+07      -.4964160938519E+07
            .9000000000000E+04       .2002750232838E+07      -.4087266572496E+07
            .1100000000000E+05       .1507432673855E+07      -.3544082714728E+07
            .1300000000000E+05       .1189305781410E+07      -.3108828133383E+07
            .1700000000000E+05       .8248855575165E+06      -.2474911638481E+07
