                                                                                
   0  ZZRRF C .1000D+01C         0 .0000D+00     1   -11  .0000D+00   .0000D+00
   16   40   99    0    3    0    0    1    1 .0000D+00   .2207D+05   .1027D+01
  .19188938D+03  .00000000D+00  .00000000D+00  .00000000D+00  .00000000D+00
  .00000000D+00  .00000000D+00  .00000000D+00  .00000000D+00  .00000000D+00
  .00000000D+00  .70536701D-06  .00000000D+00  .94065785D+00  .20000000D+01
  .00000000D+00  .11015040D-05  .00000000D+00  .93423236D+00  .20000000D+01
  .00000000D+00  .00000000D+00  .00000000D+00  .46813231D+05  .00000000D+00
  .00000000D+00  .00000000D+00  .00000000D+00  .00000000D+00  .00000000D+00
  .00000000D+00  .00000000D+00  .00000000D+00  .00000000D+00  .00000000D+00
  .00000000D+00  .00000000D+00  .00000000D+00  .00000000D+00  .00000000D+00
10000000000101010101010001000000000000000000000000
    1       .1000000000000D+01       .1531660452876D+05      -.1000772320373D+06
    2       .4000000000000D+01       .8301036823167D+04      -.2862107829720D+05
    3       .1000000000000D+02       .5786735044484D+04      -.1358848524592D+05
    4       .1300000000000D+02       .5160799798238D+04      -.1111632644914D+05
    5       .2100000000000D+02       .4007676874479D+04      -.8129592546174D+04
    6       .3100000000000D+02       .3123159438730D+04      -.6333743754280D+04
    7       .4400000000000D+02       .2269898109472D+04      -.5060620121795D+04
    8       .6400000000000D+02       .1591013555104D+04      -.3943018584286D+04
    9       .9000000000000D+02       .1113261965247D+04      -.3052881142715D+04
   10       .1100000000000D+03       .8874166145225D+03      -.2620337422687D+04
   11       .1700000000000D+03       .5652080102908D+03      -.1835445814370D+04
   12       .2500000000000D+03       .3884032731010D+03      -.1302827162448D+04
   13       .3700000000000D+03       .2888035142038D+03      -.9187215234619D+03
   14       .5200000000000D+03       .2370974796177D+03      -.6636676256426D+03
   15       .7500000000000D+03       .1975646522523D+03      -.4692998056575D+03
   16       .1000000000000D+04       .1821939130244D+03      -.3503667908401D+03
